-------Running parameters--------
T = 0.001
temperature_gradient = 0.0
gap = 0.0
M = 10
N = 10
VR = 0.0
Vmin = 1.0
Vmax = 0.025
vStep = 0.001
vSym = True
repeats = 50
fileName = array_10_10_it_v_1_cg_1
dist = exp
fullOutput = True
use_graph = False
current_map = True
plot_current_map = False
plot_binary_current_map = False
frame_norm = False
dbg = False
resume = False
sc = False
leaping = False
constQ = False
modifyR = False
double_time = False
double_loop = False
calcIT = True
output_folder = bgu_it
params_path = bgu_it/runningParameters_array_10_10_disorder_c_std_0.1_r_std_9_run_1.txt
VG_avg = 0.0
VG_std = 0.0
C_avg = 1.0
C_std = 0.9
CG_avg = 1.0
CG_std = 0.0
R_avg = 10.0
R_std = 9.0
custom_rh = ""
custom_rv = ""
custom_ch = ""
custom_cv = ""
RG_avg = 500.0
RG_std = 0.0
n0_avg = 0.0
n0_std = 0.0
Q0_avg = 0.0
Q0_std = 0.0
----Array Parameters-----
Rows: 10
Columns: 10
VG: [[0.]
 [0.]
 [0.]
 [0.]
 [0.]
 [0.]
 [0.]
 [0.]
 [0.]
 [0.]
 [0.]
 [0.]
 [0.]
 [0.]
 [0.]
 [0.]
 [0.]
 [0.]
 [0.]
 [0.]
 [0.]
 [0.]
 [0.]
 [0.]
 [0.]
 [0.]
 [0.]
 [0.]
 [0.]
 [0.]
 [0.]
 [0.]
 [0.]
 [0.]
 [0.]
 [0.]
 [0.]
 [0.]
 [0.]
 [0.]
 [0.]
 [0.]
 [0.]
 [0.]
 [0.]
 [0.]
 [0.]
 [0.]
 [0.]
 [0.]
 [0.]
 [0.]
 [0.]
 [0.]
 [0.]
 [0.]
 [0.]
 [0.]
 [0.]
 [0.]
 [0.]
 [0.]
 [0.]
 [0.]
 [0.]
 [0.]
 [0.]
 [0.]
 [0.]
 [0.]
 [0.]
 [0.]
 [0.]
 [0.]
 [0.]
 [0.]
 [0.]
 [0.]
 [0.]
 [0.]
 [0.]
 [0.]
 [0.]
 [0.]
 [0.]
 [0.]
 [0.]
 [0.]
 [0.]
 [0.]
 [0.]
 [0.]
 [0.]
 [0.]
 [0.]
 [0.]
 [0.]
 [0.]
 [0.]
 [0.]]
CG: [[1.]
 [1.]
 [1.]
 [1.]
 [1.]
 [1.]
 [1.]
 [1.]
 [1.]
 [1.]
 [1.]
 [1.]
 [1.]
 [1.]
 [1.]
 [1.]
 [1.]
 [1.]
 [1.]
 [1.]
 [1.]
 [1.]
 [1.]
 [1.]
 [1.]
 [1.]
 [1.]
 [1.]
 [1.]
 [1.]
 [1.]
 [1.]
 [1.]
 [1.]
 [1.]
 [1.]
 [1.]
 [1.]
 [1.]
 [1.]
 [1.]
 [1.]
 [1.]
 [1.]
 [1.]
 [1.]
 [1.]
 [1.]
 [1.]
 [1.]
 [1.]
 [1.]
 [1.]
 [1.]
 [1.]
 [1.]
 [1.]
 [1.]
 [1.]
 [1.]
 [1.]
 [1.]
 [1.]
 [1.]
 [1.]
 [1.]
 [1.]
 [1.]
 [1.]
 [1.]
 [1.]
 [1.]
 [1.]
 [1.]
 [1.]
 [1.]
 [1.]
 [1.]
 [1.]
 [1.]
 [1.]
 [1.]
 [1.]
 [1.]
 [1.]
 [1.]
 [1.]
 [1.]
 [1.]
 [1.]
 [1.]
 [1.]
 [1.]
 [1.]
 [1.]
 [1.]
 [1.]
 [1.]
 [1.]
 [1.]]
RG: [[500.]
 [500.]
 [500.]
 [500.]
 [500.]
 [500.]
 [500.]
 [500.]
 [500.]
 [500.]
 [500.]
 [500.]
 [500.]
 [500.]
 [500.]
 [500.]
 [500.]
 [500.]
 [500.]
 [500.]
 [500.]
 [500.]
 [500.]
 [500.]
 [500.]
 [500.]
 [500.]
 [500.]
 [500.]
 [500.]
 [500.]
 [500.]
 [500.]
 [500.]
 [500.]
 [500.]
 [500.]
 [500.]
 [500.]
 [500.]
 [500.]
 [500.]
 [500.]
 [500.]
 [500.]
 [500.]
 [500.]
 [500.]
 [500.]
 [500.]
 [500.]
 [500.]
 [500.]
 [500.]
 [500.]
 [500.]
 [500.]
 [500.]
 [500.]
 [500.]
 [500.]
 [500.]
 [500.]
 [500.]
 [500.]
 [500.]
 [500.]
 [500.]
 [500.]
 [500.]
 [500.]
 [500.]
 [500.]
 [500.]
 [500.]
 [500.]
 [500.]
 [500.]
 [500.]
 [500.]
 [500.]
 [500.]
 [500.]
 [500.]
 [500.]
 [500.]
 [500.]
 [500.]
 [500.]
 [500.]
 [500.]
 [500.]
 [500.]
 [500.]
 [500.]
 [500.]
 [500.]
 [500.]
 [500.]
 [500.]]
Ch: [[2.00679049 2.00170178 1.9743288  2.02792391 2.0531053  1.91541333
  2.06227428 1.9416242  2.04818637 2.07593275 2.03644075]
 [2.04569065 2.0296488  1.92043549 1.98933164 2.02541531 1.9961767
  2.00750239 1.94682713 1.98995973 1.96946377 1.95058355]
 [2.08404145 2.08053894 1.94887295 2.08990544 1.92760884 2.06643218
  1.94378349 1.96948469 1.92485503 2.02972745 2.0482555 ]
 [1.99466816 2.05382744 2.02502722 2.05582413 1.97492252 1.92725359
  1.93581555 1.94807006 2.03210006 1.95809026 2.00557229]
 [2.05446257 2.08892345 1.92058632 2.00121505 1.92812867 1.9355407
  1.925226   2.08534509 2.02025827 1.9148687  2.0677432 ]
 [1.99751978 2.08850704 1.9246298  2.08714843 2.09714794 1.97866229
  1.97521887 1.9798556  1.95627162 1.94964115 2.05929583]
 [1.97502052 2.05154277 1.97976194 2.05151954 1.93339277 2.08834729
  1.95482049 1.940463   2.00313936 2.01140618 2.04723058]
 [2.04647057 1.94386001 1.93837975 2.04820361 1.90268464 1.90756585
  1.94315214 1.92043032 1.95051176 2.0450022  2.04363591]
 [2.05789181 2.09447241 1.97332897 2.0090427  1.94236541 1.99784945
  2.07271561 1.90791365 2.01971801 2.02405478 1.94229824]
 [1.93483429 1.9882553  2.00384701 1.99119354 2.09097792 1.97545627
  2.0324129  2.00108909 2.08083939 1.90794257 2.09642679]]
Cv: [[0.         0.         0.         0.         0.         0.
  0.         0.         0.         0.        ]
 [2.08062183 2.02779567 1.97089378 2.07324238 2.04882601 2.05541154
  1.95635676 1.92908369 2.07840589 2.05827858]
 [1.91521814 2.00435548 1.93985415 1.98967338 1.9265285  1.9215464
  2.06980778 1.98780379 2.05525371 2.09897919]
 [1.92742378 1.91254527 1.92040072 1.92993789 2.02854749 2.04748624
  2.06887404 1.93264453 2.00353819 1.95529531]
 [1.93898499 1.92332192 2.0340531  1.96620298 1.99199311 1.93248173
  2.02068367 2.03106692 2.04784882 1.99041073]
 [2.09587934 2.02938132 2.05479437 1.90399336 2.08961822 2.06525521
  1.98562765 1.90235258 2.07426961 1.93116158]
 [1.98210668 2.06397196 2.07993394 1.92946458 2.07597673 2.03314066
  2.05745931 1.92620248 1.94204553 2.02839852]
 [2.08681705 2.00554418 2.05654953 1.95253962 2.09464361 2.02949083
  1.98211298 2.03154561 2.01044885 1.94792092]
 [2.06054946 2.06676967 1.97630969 2.02397678 1.96136529 2.09211365
  1.97881333 1.93159647 1.91391925 2.07128276]
 [2.03283842 2.03824229 2.05716718 1.94391002 1.9333839  2.09599475
  1.9333167  1.99042124 2.02926025 1.91306129]]
Rh: [[ 1.25553277  5.01664567  1.2990969   2.96058677  1.50304412  2.39679606
   1.20235393  1.77048299  1.10941648  1.78707673  1.45521717]
 [ 3.30479282  2.77188777  3.61939136  1.20521013  6.31108857  6.03927929
   1.41083697  3.49364299  6.40528212  3.68536432 14.14021446]
 [ 2.96930137  2.78762691  1.52953332 11.43525881  2.71690056  2.20705133
   2.559303    9.91289559  1.03087349  1.53324314  5.77386994]
 [ 1.9186329   1.23831497  1.19400631 11.26949229  3.57548206  3.42358256
   2.13249936  8.11825666 14.71558519  1.26876891  4.57541694]
 [ 3.88282533  1.10492681  3.17438397  8.80946871  2.75256534  2.59643075
  16.66362806  8.61975388  9.51568948  1.83941686  6.87467328]
 [ 1.26538315  2.03742898  2.8033325   1.24581589  2.66582055 12.33973076
   1.44284946  4.9292065   4.62988714  2.64958449  3.04665968]
 [ 2.66910639  4.89202234  5.91488307  4.21178956  2.20821604  4.55474048
   5.25586878  1.28042573 18.24800248  8.88403987  5.06459292]
 [ 2.65473142  1.60621081 17.68332092 14.16905704  3.95322675  5.82002342
   1.70288283  1.29165552  2.3745156   5.2947      1.06962486]
 [13.066571    1.28523052  4.16907717  4.11408201  5.61622517  3.89900488
   1.46069381  1.93598247  3.59697635  5.90491245  2.43332415]
 [ 2.29067785 16.23819837  5.52540088  2.48654938 17.65915467  2.43786383
   1.39132476  5.69125446  1.11926549  2.59823795  3.51170361]]
Rv: [[ 7.9669157   5.22810185 17.5515994   2.89862544  1.08110191  2.33254973
   6.21391567  2.61983432  1.52381222  3.68412312]
 [12.17117273  4.59918336  2.33716645 10.32586278  6.92116552 11.70117786
   1.11338142  1.82845413  1.82214067  2.21663106]
 [ 2.26217428 18.7418198   1.74489218  4.37806963  1.82054909  6.26545177
   3.90675032  8.1571874   2.33756409  3.50198398]
 [ 1.05055302 11.48125918  5.33134199  1.08179439  1.00414811  6.99726131
   2.45936429 10.89009156  2.41497711 10.29139674]
 [15.87717181  2.97389878  2.50380273  1.58314942 12.55071473  1.59224853
   4.2664145   1.28814412  1.18143841  5.96472798]
 [ 5.85485725  3.89560206 12.03561199  5.89662447 12.00569947 12.67759465
   2.64698228  2.21953409  8.29246533  5.22163217]
 [17.77095563  2.31338549  4.62801735  1.2330316  12.43708148  6.56537828
   2.90194122  4.69654843 10.38175709 17.07256083]
 [ 7.53952198 15.62656077  1.37395288  4.28191099  1.66926944  2.28011201
   1.82865563 16.73554     1.55574994 14.20261468]
 [ 1.59103489  5.22097635  2.61622883  2.56790499  8.95609536  1.88250626
   9.27017688 17.5890015   8.51093108  1.85306727]]